x_1 = 0.6193283732930728
x_2 = 0.5510761129524984
x_3 = 0.7466841405613858
x_4 = 0.42206852207609197
x_5 = 0.16722205882884733
x_6 = 0.528326267705532
x_7 = 0.06166551553302835
x_8 = 0.712301354054216
x_9 = 0.20777151208371253
x_10 = 0.07951361744339502
x_11 = 0.4902503693877456
x_12 = 0.695364867618065
x_13 = 0.9109438913353474
x_14 = 0.38645805379393283
x_15 = 0.34702234854305214
x_16 = 0.1304484022787067
x_17 = 0.20071122377241069
x_18 = 0.0282242573963718
x_19 = 0.8820768952263272
x_20 = 0.36242592593367773
x_21 = 0.7225383224126922
x_22 = 0.9254450879605842
x_23 = 0.09393242771669952
x_24 = 0.755348764940813
x_25 = 0.4036983109719299
x_26 = 0.45866504494205973
x_27 = 0.5303212832502167
x_28 = 0.6765977681336124
x_29 = 0.6248549191794057
x_30 = 0.6090988353570813
x_31 = 0.6501999875413784
x_32 = 0.7390026884200396
x_33 = 0.11339395773846817
x_34 = 0.8096687030535216
x_35 = 0.6647186164210439
x_36 = 0.23518088089801858
x_37 = 0.6717193552667107
x_38 = 0.6477187583512971
x_39 = 0.10015856739658813
x_40 = 0.4228138395900598
x_41 = 0.6812945276694514
x_42 = 0.38270791654685266
x_43 = 0.272160490553614
x_44 = 0.13775798733932726
x_45 = 0.42589340222136063
x_46 = 0.5461774090265825
x_47 = 0.008387555681721004
x_48 = 0.05664621268829584
x_49 = 0.20522668580990006
x_50 = 0.45592755120050477
x_51 = 0.8725135800291893
x_52 = 0.6836576255802638
x_53 = 0.8042111529642592
x_54 = 0.7545753758758729
x_55 = 0.19007364591013265
x_56 = 0.19159559215503008
x_57 = 0.6174110513123211
x_58 = 0.7603094792981893
x_59 = 0.04301543221876125
x_60 = 0.03294807120401766
x_61 = 0.14503432329328314
x_62 = 0.13659182300443895
x_63 = 0.21525895637168246
x_64 = 0.8896061662642274
x_65 = 0.8676519852930584
x_66 = 0.49302081420248745
x_67 = 0.07119766303143171
x_68 = 0.9077094545981059
x_69 = 0.38007370923070716
x_70 = 0.5014450138591693
x_71 = 0.12992154160092007
x_72 = 0.37657496202512475
x_73 = 0.4392970907143354
x_74 = 0.3233957104205934
x_75 = 0.05575725403268361
x_76 = 0.2514087182659275
x_77 = 0.6779353392141854
x_78 = 0.9833794333238125
x_79 = 0.8303725741659518
x_80 = 0.07659755286082492
x_81 = 0.511866507945232
x_82 = 0.7163957702402839
x_83 = 0.42569260647799195
x_84 = 0.25963353209573703
x_85 = 0.4432875165967931
x_86 = 0.8623455490196567
x_87 = 0.38501158504664157
x_88 = 0.3395948693727684
x_89 = 0.8514809657838242
x_90 = 0.611140086642367
x_91 = 0.5733328976232539
x_92 = 0.8383673220211788
x_93 = 0.7157509293191093
x_94 = 0.05549167686056622
x_95 = 0.014958501854462902
x_96 = 0.7567063310157698
x_97 = 0.3141236192902075
x_98 = 0.7701533123439375
x_99 = 0.7572804633754409
x_100 = 0.6671952291186334
count = 499950
